[0, 0]
[0, 1]
[1, 2]
[1, 3]
[2, 4]
[3, 4]
[4, 5]
[5, 6]
[5, 7]
[6, 8]
[6, 9]
[7, 10]
[8, 11]
[8, 12]
[8, 13]
[9, 2]
[9, 3]
[9, 14]
[10, 15]
[10, 16]
[11, 17]
[12, 18]
[12, 19]
[13, 20]
[13, 21]
[14, 22]
[15, 23]
[15, 24]
[15, 25]
[16, 26]
[17, 27]
[17, 28]
[18, 29]
[18, 30]
[18, 31]
[19, 2]
[19, 3]
[20, 32]
[20, 33]
[21, 34]
[22, 35]
[22, 36]
[22, 37]
[23, 38]
[24, 10]
[24, 39]
[25, 40]
[25, 41]
[26, 29]
[26, 30]
[26, 31]
[27, 26]
[28, 42]
[29, 42]
[30, 43]
[30, 44]
[30, 45]
[30, 23]
[30, 24]
[31, 23]
[31, 24]
[31, 25]
[31, 46]
[32, 4]
[32, 26]
[33, 47]
[33, 48]
[34, 2]
[35, 35]
[36, 43]
[37, 49]
[38, 50]
[39, 16]
[39, 51]
[39, 52]
[40, 53]
[40, 54]
[40, 55]
[41, 56]
[42, 57]
[42, 58]
[43, 27]
[43, 28]
[43, 59]
[44, 60]
[45, 61]
[46, 62]
[47, 63]
[47, 64]
[48, 15]
[48, 0]
[49, 53]
[49, 54]
[50, 53]
[51, 65]
[51, 66]
[52, 8]
[52, 9]
[53, 18]
[54, 67]
[54, 68]
[54, 69]
[54, 70]
[55, 71]
[55, 72]
[56, 73]
[31, 74]
[31, 75]
[31, 38]
[31, 76]
[31, 29]
[31, 77]
[31, 78]
[57, 79]
[57, 80]
[57, 81]
[34, 82]
[4, 80]
[29, 83]
[58, 84]
[58, 18]
[58, 85]
[58, 86]
[58, 87]
[58, 82]
[59, 84]
[59, 18]
[59, 86]
[59, 85]
[59, 87]
[59, 82]
[30, 88]
[30, 89]
[30, 90]
[30, 91]
[30, 92]
[30, 93]
[30, 94]
[30, 95]
[30, 96]
[30, 97]
[30, 98]
[30, 99]
[30, 100]
[30, 101]
[30, 102]
[30, 103]
[30, 104]
[30, 105]
[30, 106]
[11, 107]
[11, 65]
[11, 108]
[11, 66]
[11, 109]
[11, 110]
[47, 105]
[36, 24]
[15, 74]
[15, 78]
[15, 75]
[23, 46]
[23, 111]
[23, 112]
[23, 113]
[19, 114]
[13, 115]
[12, 116]
[12, 117]
[60, 118]
[60, 119]
[60, 120]
[60, 121]
