[1, 0]
[2, 0]
[15, 0]
[26, 0]
[27, 0]
[33, 0]
[42, 0]
[49, 0]
[50, 0]
[109, 0]
[8, 1]
[16, 1]
[32, 1]
[33, 1]
[49, 1]
[52, 1]
[3, 2]
[10, 2]
[11, 2]
[14, 2]
[23, 2]
[38, 2]
[43, 2]
[44, 2]
[48, 2]
[60, 2]
[67, 2]
[68, 2]
[69, 2]
[77, 2]
[103, 2]
[105, 2]
[109, 2]
[1, 3]
[2, 3]
[8, 3]
[10, 3]
[14, 3]
[23, 3]
[43, 3]
[44, 3]
[46, 3]
[92, 3]
[97, 3]
[103, 3]
[109, 3]
[114, 3]
[0, 6]
[3, 6]
[7, 6]
[32, 6]
[33, 6]
[38, 6]
[44, 6]
[46, 6]
[53, 6]
[60, 6]
[69, 6]
[108, 6]
[2, 7]
[6, 7]
[32, 7]
[33, 7]
[38, 7]
[46, 7]
[97, 7]
[102, 7]
[3, 8]
[9, 8]
[10, 8]
[11, 8]
[16, 8]
[18, 8]
[33, 8]
[46, 8]
[50, 8]
[73, 8]
[102, 8]
[105, 8]
[3, 9]
[8, 9]
[11, 9]
[46, 9]
[50, 9]
[105, 9]
[0, 10]
[2, 10]
[3, 10]
[6, 10]
[38, 10]
[44, 10]
[47, 10]
[77, 10]
[97, 10]
[103, 10]
[109, 10]
[0, 11]
[2, 11]
[3, 11]
[41, 11]
[44, 11]
[46, 11]
[103, 11]
[3, 12]
[2, 14]
[3, 14]
[11, 14]
[27, 14]
[29, 14]
[43, 14]
[44, 14]
[48, 14]
[109, 14]
[0, 15]
[1, 15]
[16, 15]
[27, 15]
[42, 15]
[50, 15]
[96, 15]
[1, 16]
[2, 16]
[52, 16]
[53, 16]
[109, 16]
[20, 18]
[33, 18]
[46, 18]
[50, 18]
[69, 18]
[117, 18]
[0, 20]
[2, 20]
[28, 20]
[38, 20]
[40, 20]
[41, 20]
[42, 20]
[49, 20]
[50, 20]
[65, 20]
[69, 20]
[108, 20]
[109, 20]
[115, 20]
[2, 21]
[20, 21]
[65, 21]
[2, 23]
[3, 23]
[29, 23]
[43, 23]
[44, 23]
[46, 23]
[92, 23]
[93, 23]
[44, 24]
[89, 24]
[93, 24]
[96, 24]
[103, 24]
[0, 26]
[2, 26]
[6, 26]
[10, 26]
[15, 26]
[20, 26]
[27, 26]
[33, 26]
[41, 26]
[43, 26]
[2, 27]
[3, 27]
[8, 27]
[9, 27]
[10, 27]
[15, 27]
[26, 27]
[29, 27]
[38, 27]
[40, 27]
[44, 27]
[46, 27]
[53, 27]
[59, 27]
[60, 27]
[64, 27]
[66, 27]
[88, 27]
[97, 27]
[102, 27]
[105, 27]
[2, 28]
[27, 28]
[41, 28]
[97, 28]
[103, 28]
[2, 29]
[3, 29]
[27, 29]
[30, 29]
[90, 29]
[3, 30]
[38, 30]
[74, 30]
[91, 30]
[93, 30]
[103, 30]
[3, 31]
[9, 31]
[30, 31]
[67, 31]
[69, 31]
[2, 32]
[6, 32]
[7, 32]
[33, 32]
[38, 32]
[44, 32]
[46, 32]
[50, 32]
[53, 32]
[105, 32]
[109, 32]
[6, 33]
[7, 33]
[12, 33]
[18, 33]
[32, 33]
[38, 33]
[41, 33]
[44, 33]
[46, 33]
[49, 33]
[69, 33]
[75, 33]
[77, 33]
[89, 33]
[105, 33]
[109, 33]
[37, 35]
[77, 35]
[88, 35]
[37, 36]
[6, 38]
[27, 38]
[32, 38]
[46, 38]
[27, 40]
[76, 40]
[86, 40]
[109, 40]
[11, 41]
[20, 41]
[27, 41]
[33, 41]
[40, 41]
[53, 41]
[59, 41]
[87, 41]
[109, 41]
[115, 41]
[2, 42]
[3, 42]
[8, 42]
[20, 42]
[26, 42]
[50, 42]
[67, 42]
[68, 42]
[69, 42]
[71, 42]
[109, 42]
[2, 43]
[3, 43]
[14, 43]
[20, 43]
[23, 43]
[24, 43]
[26, 43]
[49, 43]
[50, 43]
[87, 43]
[92, 43]
[96, 43]
[102, 43]
[114, 43]
[0, 44]
[2, 44]
[3, 44]
[11, 44]
[12, 44]
[14, 44]
[20, 44]
[24, 44]
[27, 44]
[29, 44]
[30, 44]
[38, 44]
[43, 44]
[66, 44]
[75, 44]
[77, 44]
[87, 44]
[93, 44]
[97, 44]
[114, 44]
[3, 45]
[12, 45]
[88, 45]
[2, 46]
[6, 46]
[7, 46]
[18, 46]
[23, 46]
[27, 46]
[32, 46]
[33, 46]
[38, 46]
[44, 46]
[47, 46]
[54, 46]
[93, 46]
[102, 46]
[117, 46]
[2, 47]
[3, 47]
[42, 47]
[43, 47]
[48, 47]
[91, 47]
[2, 48]
[3, 48]
[10, 48]
[12, 48]
[24, 48]
[29, 48]
[44, 48]
[46, 48]
[91, 48]
[93, 48]
[97, 48]
[103, 48]
[109, 48]
[42, 49]
[43, 49]
[65, 49]
[69, 49]
[109, 49]
[2, 50]
[15, 50]
[18, 50]
[29, 50]
[44, 50]
[69, 50]
[89, 50]
[90, 50]
[93, 50]
[100, 50]
[103, 50]
[109, 50]
[1, 52]
[2, 53]
[3, 53]
[16, 53]
[38, 53]
[41, 53]
[52, 53]
[54, 53]
[55, 53]
[69, 53]
[109, 53]
[2, 54]
[20, 54]
[53, 54]
[69, 54]
[89, 54]
[54, 55]
[67, 55]
[20, 57]
[58, 57]
[69, 57]
[103, 57]
[108, 57]
[2, 58]
[27, 59]
[0, 60]
[2, 60]
[3, 60]
[14, 60]
[24, 60]
[27, 60]
[38, 60]
[65, 60]
[89, 60]
[109, 60]
[2, 61]
[3, 61]
[7, 61]
[12, 61]
[14, 61]
[27, 61]
[28, 61]
[53, 61]
[2, 64]
[65, 64]
[2, 65]
[8, 65]
[20, 65]
[40, 65]
[49, 65]
[69, 65]
[102, 65]
[105, 65]
[108, 65]
[10, 66]
[20, 66]
[27, 66]
[44, 66]
[69, 66]
[105, 66]
[106, 66]
[20, 67]
[68, 67]
[69, 67]
[103, 67]
[20, 68]
[67, 68]
[69, 68]
[0, 69]
[1, 69]
[2, 69]
[15, 69]
[65, 69]
[67, 69]
[68, 69]
[67, 70]
[69, 70]
[2, 71]
[16, 71]
[20, 71]
[53, 71]
[69, 71]
[72, 71]
[87, 71]
[2, 72]
[16, 72]
[53, 72]
[69, 72]
[71, 72]
[2, 73]
[7, 73]
[14, 73]
[20, 73]
[26, 73]
[27, 73]
[44, 73]
[46, 73]
[50, 73]
[53, 73]
[54, 73]
[65, 73]
[69, 73]
[89, 73]
[102, 73]
[109, 73]
[3, 74]
[44, 75]
[78, 75]
[3, 76]
[44, 76]
[2, 77]
[3, 77]
[32, 77]
[44, 77]
[2, 79]
[20, 79]
[41, 79]
[0, 80]
[105, 80]
[106, 80]
[2, 81]
[69, 81]
[79, 81]
[100, 82]
[42, 83]
[20, 84]
[73, 84]
[2, 85]
[41, 85]
[50, 85]
[69, 85]
[102, 85]
[108, 85]
[109, 85]
[44, 86]
[87, 86]
[0, 87]
[1, 87]
[2, 87]
[27, 87]
[32, 87]
[33, 87]
[40, 87]
[41, 87]
[43, 87]
[44, 87]
[50, 87]
[64, 87]
[66, 87]
[89, 87]
[93, 87]
[102, 87]
[105, 87]
[109, 87]
[111, 87]
[2, 88]
[3, 88]
[8, 88]
[9, 88]
[11, 88]
[12, 88]
[46, 88]
[53, 88]
[89, 88]
[103, 88]
[105, 88]
[109, 88]
[2, 89]
[3, 89]
[11, 89]
[14, 89]
[24, 89]
[46, 89]
[93, 89]
[97, 89]
[99, 89]
[114, 89]
[2, 90]
[3, 90]
[11, 90]
[14, 90]
[24, 90]
[29, 90]
[89, 90]
[93, 90]
[100, 90]
[103, 90]
[109, 90]
[114, 90]
[2, 91]
[24, 91]
[30, 91]
[33, 91]
[47, 91]
[48, 91]
[2, 92]
[3, 92]
[11, 92]
[14, 92]
[23, 92]
[24, 92]
[43, 92]
[47, 92]
[102, 92]
[114, 92]
[44, 93]
[86, 93]
[87, 93]
[90, 93]
[94, 93]
[97, 93]
[109, 93]
[113, 93]
[114, 93]
[11, 94]
[14, 94]
[47, 94]
[53, 94]
[16, 96]
[24, 96]
[43, 96]
[102, 96]
[2, 97]
[10, 97]
[14, 97]
[27, 97]
[3, 98]
[77, 99]
[2, 100]
[3, 100]
[8, 100]
[11, 100]
[14, 100]
[24, 100]
[76, 100]
[90, 100]
[103, 100]
[114, 100]
[2, 101]
[93, 101]
[97, 101]
[2, 102]
[6, 102]
[7, 102]
[8, 102]
[10, 102]
[14, 102]
[27, 102]
[31, 102]
[32, 102]
[38, 102]
[41, 102]
[44, 102]
[46, 102]
[48, 102]
[49, 102]
[53, 102]
[58, 102]
[65, 102]
[66, 102]
[69, 102]
[87, 102]
[89, 102]
[90, 102]
[93, 102]
[97, 102]
[105, 102]
[108, 102]
[109, 102]
[117, 102]
[2, 103]
[3, 103]
[8, 103]
[11, 103]
[14, 103]
[24, 103]
[32, 103]
[44, 103]
[50, 103]
[76, 103]
[90, 103]
[94, 103]
[109, 103]
[114, 103]
[35, 104]
[53, 104]
[105, 104]
[108, 104]
[27, 105]
[35, 105]
[49, 105]
[66, 105]
[2, 106]
[2, 107]
[16, 108]
[20, 108]
[38, 108]
[53, 108]
[65, 108]
[69, 108]
[102, 108]
[117, 108]
[0, 109]
[2, 109]
[3, 109]
[14, 109]
[16, 109]
[27, 109]
[32, 109]
[50, 109]
[53, 109]
[73, 109]
[87, 109]
[114, 109]
[38, 113]
[105, 113]
[2, 114]
[3, 114]
[14, 114]
[43, 114]
[92, 114]
[93, 114]
[109, 114]
[20, 115]
[117, 116]
[0, 117]
[18, 117]
[27, 117]
[38, 117]
[46, 117]
[113, 117]
[116, 117]
[68, 118]
