[0, 61]
[0, 62]
[1, 63]
[1, 64]
[2, 65]
[3, 65]
[4, 66]
[5, 67]
[5, 68]
[6, 69]
[6, 70]
[7, 71]
[8, 72]
[8, 73]
[8, 74]
[9, 63]
[9, 64]
[9, 75]
[10, 76]
[10, 77]
[11, 78]
[12, 79]
[12, 80]
[13, 81]
[13, 82]
[14, 83]
[15, 84]
[15, 85]
[15, 86]
[16, 87]
[17, 88]
[17, 89]
[18, 90]
[18, 91]
[18, 92]
[19, 63]
[19, 64]
[20, 93]
[20, 94]
[21, 95]
[22, 96]
[22, 97]
[22, 98]
[23, 99]
[24, 71]
[24, 100]
[25, 101]
[25, 102]
[26, 90]
[26, 91]
[26, 92]
[27, 87]
[28, 103]
[29, 103]
[30, 104]
[30, 105]
[30, 106]
[30, 84]
[30, 85]
[31, 84]
[31, 85]
[31, 86]
[31, 107]
[32, 65]
[32, 87]
[33, 108]
[33, 109]
[34, 63]
[35, 96]
[36, 104]
[37, 110]
[38, 111]
[39, 77]
[39, 112]
[39, 113]
[40, 114]
[40, 115]
[40, 116]
[41, 117]
[42, 118]
[42, 119]
[43, 88]
[43, 89]
[43, 120]
[44, 121]
[45, 122]
[46, 123]
[47, 124]
[47, 125]
[48, 76]
[48, 61]
[49, 114]
[49, 115]
[50, 114]
[51, 126]
[51, 127]
[52, 69]
[52, 70]
[53, 79]
[54, 128]
[54, 129]
[54, 130]
[54, 131]
[55, 132]
[55, 133]
[56, 134]
[31, 135]
[31, 136]
[31, 99]
[31, 137]
[31, 90]
[31, 138]
[31, 139]
[57, 140]
[57, 141]
[57, 142]
[34, 143]
[4, 141]
[29, 144]
[58, 145]
[58, 79]
[58, 146]
[58, 147]
[58, 148]
[58, 143]
[59, 145]
[59, 79]
[59, 147]
[59, 146]
[59, 148]
[59, 143]
[30, 149]
[30, 150]
[30, 151]
[30, 152]
[30, 153]
[30, 154]
[30, 155]
[30, 156]
[30, 157]
[30, 158]
[30, 159]
[30, 160]
[30, 161]
[30, 162]
[30, 163]
[30, 164]
[30, 165]
[30, 166]
[30, 167]
[11, 168]
[11, 126]
[11, 169]
[11, 127]
[11, 170]
[11, 171]
[47, 166]
[36, 85]
[15, 135]
[15, 139]
[15, 136]
[23, 107]
[23, 172]
[23, 173]
[23, 174]
[19, 175]
[13, 176]
[12, 177]
[12, 178]
[60, 179]
[60, 180]
[60, 181]
[60, 182]
