[62, 61]
[63, 61]
[76, 61]
[87, 61]
[88, 61]
[94, 61]
[103, 61]
[110, 61]
[111, 61]
[170, 61]
[69, 62]
[77, 62]
[93, 62]
[94, 62]
[110, 62]
[113, 62]
[64, 63]
[71, 63]
[72, 63]
[75, 63]
[84, 63]
[99, 63]
[104, 63]
[105, 63]
[109, 63]
[121, 63]
[128, 63]
[129, 63]
[130, 63]
[138, 63]
[164, 63]
[166, 63]
[170, 63]
[62, 64]
[63, 64]
[69, 64]
[71, 64]
[75, 64]
[84, 64]
[104, 64]
[105, 64]
[107, 64]
[153, 64]
[158, 64]
[164, 64]
[170, 64]
[175, 64]
[61, 67]
[64, 67]
[68, 67]
[93, 67]
[94, 67]
[99, 67]
[105, 67]
[107, 67]
[114, 67]
[121, 67]
[130, 67]
[169, 67]
[63, 68]
[67, 68]
[93, 68]
[94, 68]
[99, 68]
[107, 68]
[158, 68]
[163, 68]
[64, 69]
[70, 69]
[71, 69]
[72, 69]
[77, 69]
[79, 69]
[94, 69]
[107, 69]
[111, 69]
[134, 69]
[163, 69]
[166, 69]
[64, 70]
[69, 70]
[72, 70]
[107, 70]
[111, 70]
[166, 70]
[61, 71]
[63, 71]
[64, 71]
[67, 71]
[99, 71]
[105, 71]
[108, 71]
[138, 71]
[158, 71]
[164, 71]
[170, 71]
[61, 72]
[63, 72]
[64, 72]
[102, 72]
[105, 72]
[107, 72]
[164, 72]
[64, 73]
[63, 75]
[64, 75]
[72, 75]
[88, 75]
[90, 75]
[104, 75]
[105, 75]
[109, 75]
[170, 75]
[61, 76]
[62, 76]
[77, 76]
[88, 76]
[103, 76]
[111, 76]
[157, 76]
[62, 77]
[63, 77]
[113, 77]
[114, 77]
[170, 77]
[81, 79]
[94, 79]
[107, 79]
[111, 79]
[130, 79]
[178, 79]
[61, 81]
[63, 81]
[89, 81]
[99, 81]
[101, 81]
[102, 81]
[103, 81]
[110, 81]
[111, 81]
[126, 81]
[130, 81]
[169, 81]
[170, 81]
[176, 81]
[63, 82]
[81, 82]
[126, 82]
[63, 84]
[64, 84]
[90, 84]
[104, 84]
[105, 84]
[107, 84]
[153, 84]
[154, 84]
[105, 85]
[150, 85]
[154, 85]
[157, 85]
[164, 85]
[61, 87]
[63, 87]
[67, 87]
[71, 87]
[76, 87]
[81, 87]
[88, 87]
[94, 87]
[102, 87]
[104, 87]
[63, 88]
[64, 88]
[69, 88]
[70, 88]
[71, 88]
[76, 88]
[87, 88]
[90, 88]
[99, 88]
[101, 88]
[105, 88]
[107, 88]
[114, 88]
[120, 88]
[121, 88]
[125, 88]
[127, 88]
[149, 88]
[158, 88]
[163, 88]
[166, 88]
[63, 89]
[88, 89]
[102, 89]
[158, 89]
[164, 89]
[63, 90]
[64, 90]
[88, 90]
[91, 90]
[151, 90]
[64, 91]
[99, 91]
[135, 91]
[152, 91]
[154, 91]
[164, 91]
[64, 92]
[70, 92]
[91, 92]
[128, 92]
[130, 92]
[63, 93]
[67, 93]
[68, 93]
[94, 93]
[99, 93]
[105, 93]
[107, 93]
[111, 93]
[114, 93]
[166, 93]
[170, 93]
[67, 94]
[68, 94]
[73, 94]
[79, 94]
[93, 94]
[99, 94]
[102, 94]
[105, 94]
[107, 94]
[110, 94]
[130, 94]
[136, 94]
[138, 94]
[150, 94]
[166, 94]
[170, 94]
[98, 96]
[138, 96]
[149, 96]
[98, 97]
[67, 99]
[88, 99]
[93, 99]
[107, 99]
[88, 101]
[137, 101]
[147, 101]
[170, 101]
[72, 102]
[81, 102]
[88, 102]
[94, 102]
[101, 102]
[114, 102]
[120, 102]
[148, 102]
[170, 102]
[176, 102]
[63, 103]
[64, 103]
[69, 103]
[81, 103]
[87, 103]
[111, 103]
[128, 103]
[129, 103]
[130, 103]
[132, 103]
[170, 103]
[63, 104]
[64, 104]
[75, 104]
[81, 104]
[84, 104]
[85, 104]
[87, 104]
[110, 104]
[111, 104]
[148, 104]
[153, 104]
[157, 104]
[163, 104]
[175, 104]
[61, 105]
[63, 105]
[64, 105]
[72, 105]
[73, 105]
[75, 105]
[81, 105]
[85, 105]
[88, 105]
[90, 105]
[91, 105]
[99, 105]
[104, 105]
[127, 105]
[136, 105]
[138, 105]
[148, 105]
[154, 105]
[158, 105]
[175, 105]
[64, 106]
[73, 106]
[149, 106]
[63, 107]
[67, 107]
[68, 107]
[79, 107]
[84, 107]
[88, 107]
[93, 107]
[94, 107]
[99, 107]
[105, 107]
[108, 107]
[115, 107]
[154, 107]
[163, 107]
[178, 107]
[63, 108]
[64, 108]
[103, 108]
[104, 108]
[109, 108]
[152, 108]
[63, 109]
[64, 109]
[71, 109]
[73, 109]
[85, 109]
[90, 109]
[105, 109]
[107, 109]
[152, 109]
[154, 109]
[158, 109]
[164, 109]
[170, 109]
[103, 110]
[104, 110]
[126, 110]
[130, 110]
[170, 110]
[63, 111]
[76, 111]
[79, 111]
[90, 111]
[105, 111]
[130, 111]
[150, 111]
[151, 111]
[154, 111]
[161, 111]
[164, 111]
[170, 111]
[62, 113]
[63, 114]
[64, 114]
[77, 114]
[99, 114]
[102, 114]
[113, 114]
[115, 114]
[116, 114]
[130, 114]
[170, 114]
[63, 115]
[81, 115]
[114, 115]
[130, 115]
[150, 115]
[115, 116]
[128, 116]
[81, 118]
[119, 118]
[130, 118]
[164, 118]
[169, 118]
[63, 119]
[88, 120]
[61, 121]
[63, 121]
[64, 121]
[75, 121]
[85, 121]
[88, 121]
[99, 121]
[126, 121]
[150, 121]
[170, 121]
[63, 122]
[64, 122]
[68, 122]
[73, 122]
[75, 122]
[88, 122]
[89, 122]
[114, 122]
[63, 125]
[126, 125]
[63, 126]
[69, 126]
[81, 126]
[101, 126]
[110, 126]
[130, 126]
[163, 126]
[166, 126]
[169, 126]
[71, 127]
[81, 127]
[88, 127]
[105, 127]
[130, 127]
[166, 127]
[167, 127]
[81, 128]
[129, 128]
[130, 128]
[164, 128]
[81, 129]
[128, 129]
[130, 129]
[61, 130]
[62, 130]
[63, 130]
[76, 130]
[126, 130]
[128, 130]
[129, 130]
[128, 131]
[130, 131]
[63, 132]
[77, 132]
[81, 132]
[114, 132]
[130, 132]
[133, 132]
[148, 132]
[63, 133]
[77, 133]
[114, 133]
[130, 133]
[132, 133]
[63, 134]
[68, 134]
[75, 134]
[81, 134]
[87, 134]
[88, 134]
[105, 134]
[107, 134]
[111, 134]
[114, 134]
[115, 134]
[126, 134]
[130, 134]
[150, 134]
[163, 134]
[170, 134]
[64, 135]
[105, 136]
[139, 136]
[64, 137]
[105, 137]
[63, 138]
[64, 138]
[93, 138]
[105, 138]
[63, 140]
[81, 140]
[102, 140]
[61, 141]
[166, 141]
[167, 141]
[63, 142]
[130, 142]
[140, 142]
[161, 143]
[103, 144]
[81, 145]
[134, 145]
[63, 146]
[102, 146]
[111, 146]
[130, 146]
[163, 146]
[169, 146]
[170, 146]
[105, 147]
[148, 147]
[61, 148]
[62, 148]
[63, 148]
[88, 148]
[93, 148]
[94, 148]
[101, 148]
[102, 148]
[104, 148]
[105, 148]
[111, 148]
[125, 148]
[127, 148]
[150, 148]
[154, 148]
[163, 148]
[166, 148]
[170, 148]
[172, 148]
[63, 149]
[64, 149]
[69, 149]
[70, 149]
[72, 149]
[73, 149]
[107, 149]
[114, 149]
[150, 149]
[164, 149]
[166, 149]
[170, 149]
[63, 150]
[64, 150]
[72, 150]
[75, 150]
[85, 150]
[107, 150]
[154, 150]
[158, 150]
[160, 150]
[175, 150]
[63, 151]
[64, 151]
[72, 151]
[75, 151]
[85, 151]
[90, 151]
[150, 151]
[154, 151]
[161, 151]
[164, 151]
[170, 151]
[175, 151]
[63, 152]
[85, 152]
[91, 152]
[94, 152]
[108, 152]
[109, 152]
[63, 153]
[64, 153]
[72, 153]
[75, 153]
[84, 153]
[85, 153]
[104, 153]
[108, 153]
[163, 153]
[175, 153]
[105, 154]
[147, 154]
[148, 154]
[151, 154]
[155, 154]
[158, 154]
[170, 154]
[174, 154]
[175, 154]
[72, 155]
[75, 155]
[108, 155]
[114, 155]
[77, 157]
[85, 157]
[104, 157]
[163, 157]
[63, 158]
[71, 158]
[75, 158]
[88, 158]
[64, 159]
[138, 160]
[63, 161]
[64, 161]
[69, 161]
[72, 161]
[75, 161]
[85, 161]
[137, 161]
[151, 161]
[164, 161]
[175, 161]
[63, 162]
[154, 162]
[158, 162]
[63, 163]
[67, 163]
[68, 163]
[69, 163]
[71, 163]
[75, 163]
[88, 163]
[92, 163]
[93, 163]
[99, 163]
[102, 163]
[105, 163]
[107, 163]
[109, 163]
[110, 163]
[114, 163]
[119, 163]
[126, 163]
[127, 163]
[130, 163]
[148, 163]
[150, 163]
[151, 163]
[154, 163]
[158, 163]
[166, 163]
[169, 163]
[170, 163]
[178, 163]
[63, 164]
[64, 164]
[69, 164]
[72, 164]
[75, 164]
[85, 164]
[93, 164]
[105, 164]
[111, 164]
[137, 164]
[151, 164]
[155, 164]
[170, 164]
[175, 164]
[96, 165]
[114, 165]
[166, 165]
[169, 165]
[88, 166]
[96, 166]
[110, 166]
[127, 166]
[63, 167]
[63, 168]
[77, 169]
[81, 169]
[99, 169]
[114, 169]
[126, 169]
[130, 169]
[163, 169]
[178, 169]
[61, 170]
[63, 170]
[64, 170]
[75, 170]
[77, 170]
[88, 170]
[93, 170]
[111, 170]
[114, 170]
[134, 170]
[148, 170]
[175, 170]
[99, 174]
[166, 174]
[63, 175]
[64, 175]
[75, 175]
[104, 175]
[153, 175]
[154, 175]
[170, 175]
[81, 176]
[178, 177]
[61, 178]
[79, 178]
[88, 178]
[99, 178]
[107, 178]
[174, 178]
[177, 178]
[129, 179]
